4089
1654
4089
4094
4094
4088
4094
4089
4094
4094
4094
4094
4094
4090
4093
4091
4087
4092
4089
708
972
1529
1318
783
618
875
1557
1739
975
605
779
1525
1732
962
617
704
1355
1541
875
596
666
1307
1066
803
864
745
1425
1719
1259
616
582
1301
4091
4090
1036
4087
4093
4092
4093
4092
738
1028
1187
924
707
783
1615
1602
1696
685
572
1152
1676
1615
713
624
1014
1386
4090
4092
750
1131
1414
1039
705
693
1090
1607
1678
800
644
1053
1516
1772
805
604
765
1500
1736
881
602
853
1514
1414
851
603
957
1673
2122
1037
593
594
1536
1763
1131
609
598
1447
1767
1401
4092
4093
4094
1877
1178
646
599
1406
1711
1362
621
576
1360
1711
1450
652
647
1343
1803
1166
676
585
1297
1602
1618
617
639
1226
1700
1666
648
624
1173
1694
1720
660
589
1119
1690
1696
689
620
1057
1675
1703
731
605
1120
1556
1071
836
729
1242
1560
1403
696
588
1154
1679
1586
718
622
1098
1277
4092
4091
4094
4089
4091
1424
1079
842
741
776
866
747
623
805
948
916
794
4090
4092
1426
4089
3649
4093
4094
4091
4094
4091
1230
829
911
907
792
641
708
750
871
790
656
800
908
879
788
920
804
4091
4092
4092
1248
838
871
922
876
651
662
817
872
752
787
843
1401
4093
4091
4091
4092
+++
4092
4092
4088
4093
4094
4092
4091
4091
4093
4090
4090
4093
4090
4092
780
638
1206
1429
1272
670
591
1418
1882
1468
652
575
1463
1706
1571
576
551
1325
1820
4093
4091
4091
4093
1849
1812
654
902
1309
1429
869
663
610
1462
1618
1196
618
1442
4091
4091
4092
4090
4090
4088
2160
4090
4091
4092
1423
1422
970
667
919
1253
1307
1902
639
577
1295
1692
1819
608
602
629
1064
4092
4091
4093
4092
4091
4093
4090
4092
1299
1439
1141
658
886
1294
2004
1561
619
594
1266
4090
4091
4091
4092
4092
4093
4094
4090
4093
4092
4091
1190
696
897
1218
1410
991
627
593
1276
1634
1749
626
592
4092
4090
1547
4092
4090
4092
3322
4092
4092
4090
1291
1400
1026
718
751
1066
1243
1747
696
603
1086
1437
1577
723
3589
4094
4091
4091
4091
4092
4093
4090
4091
815
728
1074
1328
1760
755
618
909
1547
1771
726
614
718
1623
1763
814
591
609
1691
1714
935
581
708
1666
1436
875
575
586
1532
1768
928
591
577
1651
1768
1053
619
806
1569
1794
918
601
576
1597
1750
1261
590
971
1327
1336
823
658
599
1469
1764
1300
589
653
1494
1586
1524
673
583
1339
1568
1408
651
580
1320
1413
1009
651
872
1255
1682
1759
603
593
1233
1680
1562
4089
4092
4092
4090
4092
4093
4090
1288
1418
1338
612
+++
4093
4094
4094
4094
4089
4088
4094
4093
4090
4089
4094
4094
4087
4094
4089
4094
4090
4089
4094
4094
4089
4087
4094
4094
4088
4087
4089
4088
1803
1803
740
597
697
1406
1767
802
579
614
1637
1680
790
639
623
1420
1696
877
595
606
1547
4091
4092
4092
4093
1579
2110
811
621
1008
1423
1240
811
596
617
1554
1642
1028
579
577
1567
1684
1207
575
582
1430
4090
4090
4090
4090
4093
1570
881
783
758
1305
1424
872
664
577
1454
1652
1492
609
600
1374
1705
1638
4092
4094
4094
4092
4089
4090
4093
4090
1554
1407
935
804
724
760
1421
813
596
593
1434
1652
1287
603
595
1457
1786
1496
642
532
1373
1663
1798
608
570
1319
1314
1073
655
705
1344
1742
1791
671
621
1299
1594
1720
646
633
1216
1575
1755
4091
1040
4094
4092
4091
4093
4091
1105
1434
1431
740
646
989
1399
1436
760
490
562
1698
1804
806
530
612
1683
1813
716
4091
4091
4090
4091
4091
4092
874
1332
1095
902
637
790
1023
1150
888
744
724
759
899
896
722
722
792
879
786
787
771
749
823
831
998
809
739
731
920
874
708
675
805
861
822
676
730
807
837
821
798
853
802
815
839
724
729
727
851
922
793
723
743
824
878
710
711
718
787
832
716
4092
4088
4088
4094
4090
4092
4088
4091
4092
4092
1341
900
1105
+++
561
564
1683
1848
1173
562
581
1682
1973
748
572
573
1556
1774
1020
587
4091
4092
4091
4090
4093
4092
4090
4091
4091
4091
4093
1482
1339
1744
602
581
1360
1659
1774
616
588
1293
1700
1693
617
4091
4092
4090
4093
4092
597
4089
4089
4093
4090
4090
1124
1103
912
908
696
804
1282
1260
810
633
921
1168
1234
798
4092
4089
4092
4093
4089
4093
4091
1457
4089
4088
4085
4093
1382
795
781
768
810
708
752
753
622
695
889
931
859
648
761
4089
4093
4090
4090
4093
4092
4092
4090
4090
4094
1610
838
849
790
735
772
812
802
625
635
793
929
859
636
767
4089
4090
4090
1548
4093
4094
4090
4090
4092
4092
4092
4090
1246
798
945
874
949
763
685
613
713
870
879
741
620
756
1381
4092
4092
4094
4091
1567
4090
4091
4090
4091
4090
4090
1488
849
795
843
844
710
622
713
844
896
790
701
771
783
891
811
720
749
873
944
870
757
782
833
872
768
720
681
719
863
826
612
650
713
875
777
772
683
831
873
803
738
756
808
871
704
723
721
792
844
778
747
638
646
855
823
752
658
735
744
699
703
739
789
764
801
739
768
833
943
814
733
735
810
881
822
746
715
740
850
857
675
707
+++
1700
745
576
1228
1696
1737
658
600
1171
1682
1704
617
589
1189
1688
1703
647
589
1268
1693
1733
693
565
1192
1698
1715
652
573
1135
1556
1643
672
2410
4089
4090
4092
1575
4091
4089
4092
4094
4094
748
1000
1408
1116
701
586
1081
1405
1752
715
587
720
1445
4092
4092
4093
4093
4092
2086
809
4091
4090
4092
4090
842
653
1076
1396
1757
746
654
575
1674
1754
868
582
576
1540
1673
1813
4092
4089
4092
4093
4090
4094
4090
4088
4093
959
617
878
1641
1755
1013
571
588
1583
1721
1015
605
585
1574
1740
1148
659
649
4091
4093
4094
4090
4093
1520
4094
4088
4090
4087
4093
1443
1432
742
912
1363
1676
1491
596
595
1464
1683
3089
4092
4091
4093
4090
4089
4090
1410
1175
1010
4090
1340
990
829
760
972
882
782
702
687
850
799
718
717
807
917
4091
1430
1340
1252
4089
4093
1438
1443
4092
4094
1568
1290
819
803
864
1017
840
777
637
737
865
810
693
742
846
863
4094
1290
4092
4093
4091
1552
1458
924
4093
4091
4090
1411
797
808
960
1021
799
694
772
861
861
745
699
825
919
892
842
1285
3036
4091
4090
1487
1427
1173
1031
1001
768
739
731
902
989
847
727
610
745
885
823
716
695
877
908
1336
4094
4092
4092
4090
4088
4086
4090
4093
4092
4092
4091
1285
849
1010
986
806
653
704
876
+++
4088
4089
4094
4091
4088
4089
4091
4089
4090
4089
4091
4094
4094
4093
4094
4093
4086
4093
4089
4094
4094
4088
4094
4094
1142
1418
1676
1698
630
588
1186
1690
1703
614
4092
1332
1684
1724
617
588
1195
1563
1680
631
587
1209
1675
1703
640
4091
4090
4089
4092
4091
4092
4088
4092
4092
4093
4092
1280
1772
1704
637
761
1186
1634
1525
627
613
1177
1594
1685
655
661
1217
4091
4091
1153
1442
4091
1846
4091
4093
4091
1311
4091
1698
713
827
1108
1234
1062
809
602
1211
1576
1468
662
582
1241
4091
4091
4092
4087
4093
4093
4090
4090
4089
4087
4092
1827
703
709
929
1039
1226
728
719
1024
1652
1684
750
619
948
1438
1436
4093
4091
4090
4093
4091
4091
4092
4090
4091
4090
4092
4094
1232
1222
897
1003
736
739
681
764
799
710
753
838
859
805
693
4091
4093
4089
4092
4089
4092
1555
4093
4092
4089
4091
4091
1445
1074
937
739
727
797
859
818
741
680
809
915
727
776
742
4090
4092
4091
4090
4090
1317
4089
4092
1564
4092
4091
4090
4090
1294
1286
833
1016
891
757
721
773
725
776
654
795
848
857
750
704
4092
4089
4092
4093
4090
4094
4092
1569
4090
4090
4092
1662
1103
896
804
758
797
833
805
730
709
732
872
868
789
717
762
946
833
4092
4092
4092
4092
1592
4089
4093
4090
4092
4090
1652
1216
1049
944
915
876
714
805
729
806
758
702
722
860
840
815
4092
+++
1691
1116
659
874
1443
1709
1349
591
590
1489
1679
1268
602
575
1448
1700
1358
610
591
1435
1689
867
602
581
1354
1682
1684
645
600
1276
1141
1355
902
700
626
1433
1716
1298
649
877
4090
4095
4090
4092
4091
4091
4090
4093
4092
4091
4090
4090
4092
745
590
1297
1434
1003
674
820
1267
1677
1576
633
573
1212
1610
886
4088
4091
4090
4091
4091
4092
1500
1204
4090
4091
4093
4093
1322
1340
1036
701
792
838
1398
948
650
587
1112
1687
1711
655
599
4092
4093
4091
4088
4090
4092
4091
4088
4088
4090
4091
4093
4092
1251
802
1075
1143
1167
1141
701
667
1092
1181
836
618
1174
1460
4090
4090
4090
4090
4091
4090
1172
4092
4090
4091
4093
4089
1275
1144
1655
1530
850
756
765
723
953
886
722
750
867
928
807
766
864
4091
4089
4092
4093
4090
4092
4091
4091
4090
4092
4089
1383
1028
855
791
741
800
1014
690
708
656
742
849
803
834
825
4093
4091
4088
4090
4090
4090
4088
4093
1500
1474
4093
4093
4092
4093
4093
1393
954
925
818
798
797
725
716
624
705
825
864
803
800
813
1031
4090
4091
4092
4091
4090
4090
4093
4089
4093
1773
4090
1417
818
775
870
828
818
881
718
812
762
673
687
773
854
844
825
815
1059
4092
4091
4093
4092
4092
4092
4092
4092
4091
4090
1653
950
837
786
789
814
708
699
694
823
+++
4088
4089
4094
4087
4094
4094
4090
4094
4090
4094
4092
4090
4093
4092
4093
4087
4092
4092
4090
4090
4091
4092
4088
4093
4086
4094
4094
4091
1531
1472
606
597
1395
1713
1726
772
619
846
1537
1906
817
661
4089
4091
4090
4092
4092
4090
4092
4090
4092
4093
4089
4090
4092
4090
692
1033
1380
1170
755
705
993
1332
1724
807
589
609
1665
1727
739
538
4092
4089
4091
4091
4092
4091
4092
4088
4092
4092
4090
4091
4091
4089
1006
782
828
879
873
706
715
1612
1719
729
587
729
1677
1698
707
4089
4094
4094
4090
4094
4092
4093
4092
4092
4091
4090
4091
1589
1017
722
722
1241
1258
1728
631
626
1028
1538
1214
855
792
1025
3927
4093
4093
4089
4092
4091
4092
4093
4091
4091
4092
4091
1410
801
731
899
831
881
760
643
678
831
838
804
708
771
971
1014
4090
4092
4093
4091
4091
4091
4092
4091
4090
4092
4092
4091
1542
1164
1027
858
726
709
829
888
721
665
750
924
941
882
847
4089
4089
4090
4092
4090
4092
4090
4089
4093
4090
4093
4093
4090
4092
959
945
907
838
799
721
718
838
846
688
714
766
937
944
872
4090
4091
4092
4092
4090
4092
4092
4092
4093
4092
4091
4092
4090
4092
1017
782
783
933
937
798
688
731
886
939
733
698
810
1023
1016
915
856
1133
4092
4092
4093
4094
4090
1456
4094
4093
4093
4089
1792
1162
774
740
757
1013
942
+++
917
820
619
883
938
783
753
788
801
1664
1184
885
796
802
815
1699
676
628
940
1408
1719
625
584
903
1682
1696
710
592
1014
4090
4090
4092
4093
4089
4093
4091
4093
4093
1328
4091
1281
1289
713
765
802
1034
771
636
1096
1487
891
708
714
4091
1560
4092
4093
4087
1706
4094
4092
4091
4091
1437
1013
796
778
789
815
793
910
804
768
818
821
799
4090
4091
4093
4092
1590
4091
4093
4088
4092
4091
4094
4092
1361
934
848
905
776
832
1019
869
816
629
1020
1215
1325
736
4091
4090
4090
4088
4092
4093
4094
4094
4091
4091
4090
1139
849
808
771
769
771
863
993
877
641
919
1017
862
742
4088
4091
4090
4092
4089
4092
4092
4092
4090
4092
4092
1575
1179
929
780
764
793
805
786
870
845
800
858
947
850
686
1239
1357
4090
4090
4091
4093
4091
4093
4093
4092
4090
4092
1561
811
689
815
849
846
788
734
862
942
1006
822
737
806
755
4090
4092
4092
4089
4091
4092
4090
4090
4093
4092
4094
4093
4090
1286
934
822
774
751
775
792
914
924
713
807
848
884
775
4091
4086
4092
4090
4094
4093
4093
1371
1150
924
730
4089
1410
942
873
812
802
809
804
799
819
824
802
878
826
704
795
864
4091
4092
4091
4094
4092
1488
+++
1712
992
605
4091
4091
4089
4088
4090
4089
4091
4090
4091
4090
4089
4091
4090
4092
4092
1135
1556
1040
814
617
1011
1653
1688
818
606
1035
1623
1457
4090
4092
4092
4093
4091
4091
1534
4090
4092
4091
4094
919
1004
1380
1018
745
743
935
1320
1162
715
587
861
1665
1676
1039
530
1086
4090
4091
4090
4093
4090
1497
4090
4091
4090
4090
4089
1593
724
616
1109
1422
1237
731
632
886
1664
1969
697
560
762
1670
1724
4091
812
4092
4091
4093
812
655
1089
4091
4093
4092
4091
4092
4089
1550
706
651
1137
1423
1290
702
595
894
1686
1703
658
615
936
1386
4091
4093
4093
4092
4092
4090
3923
4089
4092
4093
1549
1386
643
874
1301
1427
896
651
920
1325
1906
978
606
782
1542
4089
4093
4092
4091
4091
4091
4093
4092
4090
4090
4090
1289
864
791
797
785
859
872
744
806
836
854
735
719
4090
4091
4090
4091
4089
4093
4047
4092
4093
4089
4090
4091
1534
1032
811
756
778
830
763
705
800
822
808
783
806
816
800
4090
4092
4091
4092
4089
4092
4092
4091
4090
4092
4089
1683
1253
936
824
870
828
807
730
721
799
798
777
816
810
4091
4094
4090
4090
1543
4092
4091
4093
1460
+++
1391
843
711
1227
1550
1598
661
604
1325
1580
1618
657
589
1247
1655
1697
627
586
1164
1524
1670
638
621
1022
1682
1669
649
595
1022
1442
4091
4092
4090
4089
4090
4092
4088
4094
4092
4090
4092
4091
482
1152
1330
1076
704
734
1032
1563
1805
802
613
707
1511
1666
4091
4090
4093
4090
4092
4092
4093
4091
4089
4092
1539
652
589
1333
1242
820
673
1025
1349
1680
1125
590
575
1346
1625
4092
4091
4090
4091
4093
4090
4092
4090
4092
4090
4091
4092
703
1312
1419
911
649
775
1286
1717
1784
594
579
1366
1727
1775
654
755
4092
4090
4092
795
692
4092
4092
4093
4092
4088
4090
4089
4091
739
545
1152
1409
1807
721
543
788
1712
1780
699
648
858
1309
4092
4092
4090
4091
4092
4092
1361
4091
4092
1558
4092
1310
871
717
874
804
849
885
805
721
884
819
757
758
830
863
4090
4093
4092
4089
4093
4091
4090
4091
4093
4091
4091
4092
4094
4092
1380
909
921
914
819
840
864
759
785
743
814
830
798
790
3103
4091
4092
4089
1556
1291
4091
4090
4089
4092
4091
4089
1438
1146
893
837
815
762
876
787
714
758
814
877
827
781
4092
4090
4093
4091
4090
4089
4092
4091
4089
4087
4089
4094
4091
1553
920
815
737
826
853
805
799
708
850
827
764
809
807
865
811
4087
4094
1205
1154
1236
4092
4090
4092
+++
865
718
786
866
1230
885
757
1691
1806
727
519
577
1681
1789
709
4093
4092
4092
4093
4088
4091
4093
4089
4092
4093
353
944
1422
1427
734
651
1022
1688
1806
741
532
600
4092
4091
4091
4092
4093
4091
4094
4091
4091
4090
1546
1428
704
649
916
1419
1441
645
493
651
1780
1801
630
4091
4092
4090
4091
4090
4092
4090
4094
4090
791
615
985
1491
1514
701
674
798
1759
1797
626
456
4094
4092
4090
4091
4091
4092
4090
4091
4092
752
1037
1766
1338
685
563
915
1683
1424
1436
4088
4091
1420
4091
4089
4092
4090
4094
4092
784
602
919
1412
1217
661
575
917
1403
4092
4089
898
4092
4091
4093
4090
4091
1170
1696
1745
587
1020
1032
1701
1847
641
4090
4093
3655
4091
4091
4092
4089
4091
1584
1130
585
605
1529
1420
878
601
612
1343
1819
4092
4089
4091
4093
4092
4091
4090
704
1342
1538
822
573
608
1537
1682
993
589
591
1309
4091
4091
4090
4092
4089
4090
4093
4089
690
1363
1487
908
633
577
1327
1813
1475
558
595
1564
4093
4092
4092
4092
4092
4093
4092
4093
4092
4092
1938
953
646
650
1345
1843
1379
569
579
1578
1805
1638
680
4091
4094
4092
4092
4091
4089
4091
4089
4088
674
731
1418
1483
828
632
977
1339
1772
816
593
620
1530
1660
889
641
4089
+++
4093
1542
1444
828
648
916
1383
1439
1731
630
611
1096
1436
4093
4091
4091
4089
4093
4092
4094
4091
4090
4094
1912
684
630
1224
1411
1255
673
635
1058
1751
1758
613
599
1197
4087
4092
4089
4088
4089
4090
4091
4089
4093
4092
1935
1254
687
644
1195
1420
1196
635
576
895
1665
1717
808
4093
4090
4092
4093
4090
4089
4092
4091
4092
4093
4092
1121
1172
1181
973
751
676
784
1243
1029
717
673
875
1277
923
4092
4090
4088
1548
4091
4090
4091
4090
4092
1556
795
896
720
1096
1022
863
660
877
1154
1035
754
650
802
1353
4092
4093
4092
4089
4091
4092
4093
4091
4093
1526
920
740
667
882
1121
1022
719
647
970
1063
882
804
659
1491
4089
4092
4090
4092
4092
4094
4088
4091
4093
4090
1569
1065
731
692
927
1179
975
742
658
909
1095
910
718
739
944
1139
4091
4090
4089
4093
4092
4093
4088
4093
4092
4091
4088
1179
793
906
1100
907
700
668
1229
1026
878
663
763
931
1045
882
4087
4087
4087
4092
4094
4092
4090
4092
4093
4091
4094
1535
1030
1239
889
716
759
1010
1140
873
718
712
1011
1033
779
705
818
1009
4089
4092
4092
4093
4093
4090
4090
1532
4092
4091
4091
965
800
1073
1010
822
734
1052
1420
1237
+++
1823
881
547
536
1682
1823
814
504
551
1700
1807
712
518
563
1717
1797
705
534
665
1625
1777
630
537
764
1681
1783
4094
4094
4089
4092
4092
4093
4093
4091
4090
4093
707
532
1211
1433
1166
649
634
1333
1792
1798
551
554
1357
1810
4093
4091
4091
4093
4090
4092
4091
4089
4092
4092
4092
4092
4090
4092
2050
792
691
898
1434
1467
712
616
576
1680
1781
734
543
673
1608
1761
4093
4090
4090
4091
4092
4092
4087
4092
4091
4092
709
630
1264
1459
1088
644
615
1237
1849
1839
581
564
1426
1748
1108
4089
4091
4093
4092
4091
4089
4089
4092
4088
4091
748
792
1422
1450
742
675
551
1419
1814
739
563
574
1690
1767
704
631
4091
4089
4091
4091
4093
4088
4091
4092
4089
4092
1292
917
1099
851
872
709
751
951
820
705
753
843
913
797
743
718
4091
4093
4092
4091
1550
4092
4090
4092
4091
4089
4092
1504
961
710
720
877
1117
1085
719
744
1002
1125
878
658
698
1015
1098
808
703
4089
4088
4089
4092
4093
4092
4092
4091
4092
4092
4090
1255
1151
1031
732
699
876
1193
1002
732
753
998
1120
883
706
701
4091
4087
4088
4090
4093
1392
3022
4089
4093
4090
4090
4092
1249
736
777
925
1090
849
740
804
909
879
757
711
856
966
943
718
711
4092
4090
1398
+++
1686
1701
688
601
4092
4090
4092
4091
4092
4091
1769
4094
1366
4091
4088
1510
1192
803
652
596
1531
1575
1021
609
594
1422
4091
4093
4094
4090
4093
4091
4091
4090
696
1334
1787
1129
586
595
1566
1728
952
645
646
4091
4091
4090
4093
4091
4092
4090
4089
4090
4094
1550
1703
875
591
653
1614
1146
795
588
584
1682
1739
4092
4093
4090
4088
4091
4088
4092
4092
4094
1702
787
644
870
1424
1429
619
604
583
1681
1735
730
639
4091
4090
4090
4089
4093
4089
4091
4091
4091
4093
1476
1175
1038
724
1549
1097
1086
999
710
695
1022
1283
1105
4089
4092
4090
4091
4091
4092
4092
4092
4092
4091
1129
982
1000
1110
921
707
617
812
1153
1031
724
717
1109
1311
4090
4091
4094
4090
4093
1555
4093
4092
4090
4090
4090
4092
1020
1145
1255
952
719
728
1062
1211
991
712
705
1086
1228
922
696
750
4089
1661
4092
4091
4087
4091
4094
4090
4094
4091
4091
4091
1034
703
742
1124
1215
864
698
754
1228
1441
923
658
792
1290
1347
896
718
4090
4094
4091
4092
4090
4093
4092
4088
4094
4089
956
1220
1198
843
672
801
1428
1273
822
652
820
1450
4089
4088
4092
1005
1319
1322
851
+++
571
538
1707
1748
1021
917
729
695
871
4094
1171
658
694
960
1118
1009
768
706
917
1038
4088
4093
4091
4091
4091
4092
4092
4091
4092
4092
4091
4094
4090
4092
4091
743
528
1701
1807
749
525
595
1675
1821
817
536
888
4092
4090
4093
4094
4089
4092
4091
4093
4092
4091
1541
1804
772
509
527
1406
1623
753
506
524
1883
4090
4093
4092
4093
4090
4088
4092
4091
4093
4095
1945
701
611
993
1440
1428
701
628
602
1778
1781
670
4090
4090
4091
4091
4091
4092
4090
4092
4092
4089
4090
1092
1417
1430
664
633
1094
1440
1811
643
489
758
1755
4092
4091
4092
4089
4090
4093
4088
4093
4091
4092
1854
675
617
1104
1423
1401
117
530
901
1749
1861
603
758
598
4090
4093
4092
4092
4092
4094
4088
4093
4092
4092
1656
904
953
804
813
889
744
748
748
696
876
947
792
807
4093
4092
4090
4093
4093
4092
4091
4088
4092
4091
4093
4092
1442
1012
816
806
863
904
905
755
779
4091
4092
4090
4088
4091
4092
4093
4093
4092
4092
1464
1024
908
730
778
844
911
815
725
4091
4090
4090
4093
4091
4093
4093
4092
1677
884
765
815
879
815
745
656
923
1001
858
779
700
816
4094
4093
4093
4090
4089
4090
4092
4091
4092
4092
4091
1371
786
722
791
1057
1012
720
691
860
1009
928
727
4092
4093
4092
4089
4088
4091
4089
4090
4093
4089
3653
1205
1126
919
746
+++
510
1250
1811
1840
616
640
1242
1533
1045
657
628
1172
1416
1823
649
587
1023
1410
4093
4093
4090
4093
4090
4094
4094
4091
1305
1409
972
788
763
1145
1700
1783
605
572
1112
4089
4092
4092
4091
4091
4092
1882
536
893
909
1554
1009
662
843
1270
1424
1445
671
629
1343
1784
847
600
568
1452
4088
4092
4092
4090
4090
4092
1722
4089
4092
4091
1322
1217
990
925
705
899
1018
791
709
1070
1702
1128
714
719
4091
1920
4093
4091
4092
4092
4092
4094
4091
1336
912
906
1015
1030
759
665
826
1008
912
773
737
827
1117
4092
4093
4093
4092
4090
4091
4090
4091
4093
4091
4094
1603
870
852
1229
908
776
658
865
998
904
749
710
785
914
4090
4092
4090
4090
4092
4090
4092
4090
4090
4092
4090
4088
1140
849
958
1041
951
706
728
921
1026
898
711
757
955
1159
4092
4092
4090
4091
4091
4092
4091
4091
4090
4092
4092
4094
1107
1005
1073
878
771
742
909
943
813
675
707
898
994
862
718
778
4092
4092
4093
4093
4091
4092
4092
4090
4092
4092
4093
4089
1428
1012
825
948
893
745
657
709
871
856
758
697
686
904
4094
4092
4094
4091
4090
1549
4092
4092
4092
4090
4091
1147
1172
927
851
763
+++
4093
4094
4086
1450
4088
4094
4088
4086
4094
4094
4092
1422
4094
1459
1053
1216
1387
1363
887
4092
1352
1179
1104
1682
774
1564
4088
4094
4093
4094
4089
4093
4094
4094
4086
1915
1840
582
530
1281
1801
1854
998
539
563
1674
1146
4092
4085
4087
4090
4089
4089
4093
4093
4091
4091
865
656
1000
1423
1448
746
534
1110
1686
1778
822
583
1009
4089
4092
4092
4091
1545
4091
4091
4087
4093
4092
4091
1763
1339
1046
734
717
814
863
811
736
817
871
904
740
707
834
4090
4090
4091
4089
4092
4091
4089
3332
4092
4091
4089
4089
1497
989
709
903
1033
918
695
656
860
1011
837
720
695
905
939
823
4092
4092
4091
4092
4088
1435
4092
1421
4093
4091
1362
998
926
977
877
735
712
784
891
842
732
732
873
995
1432
4092
4092
4091
4089
4092
4091
4092
4090
4091
4090
4088
4092
4093
4092
1382
881
807
869
908
920
796
668
802
1008
891
723
705
853
1003
4091
4090
4090
4092
4091
4090
1809
4092
4092
4094
4091
1500
869
927
962
948
742
774
808
1052
988
717
662
807
1012
1004
763
642
4090
4091
4091
4092
4092
4091
4090
4093
4090
4089
4091
1583
1144
774
678
812
1049
1012
802
702
846
999
916
811
739
4091
4090
4093
1358
1033
909
1033
1013
736
710
840
943
896
781
674
814
949
1023
752
1427
4094
4090
4093
4092
4092
4089
4093
1585
987
746
807
967
+++
1402
1779
717
566
742
1413
1424
1383
746
1070
1684
1574
674
632
4090
4088
4092
4089
682
1126
1741
1736
703
518
1149
1433
1205
631
564
902
1658
1704
635
565
859
1570
4091
4091
4092
4091
4089
4090
4093
4092
4091
4091
4091
4089
624
1140
1429
1434
695
635
1128
1701
1778
638
547
978
1682
1739
702
4090
4092
4093
4092
4088
4090
4090
4091
4090
4092
4093
4091
1583
1797
686
639
1163
1414
1228
698
595
1054
1438
1377
640
636
1124
4092
4093
4091
4093
4092
4090
4092
4092
4093
4093
4093
4092
803
645
1141
1413
1248
699
634
967
1685
1768
624
565
908
1563
1465
4093
4092
4089
4092
4091
4092
4093
4092
4092
4088
789
639
1148
1428
1325
689
623
1175
1550
1776
640
556
1015
1692
1757
1319
4093
4091
4093
4092
4091
4093
4091
4088
4093
4087
4094
1204
1432
1409
679
622
1109
1425
1301
648
531
918
1694
1718
635
4090
4091
4094
4091
4089
4090
4093
4093
4094
4093
4088
1587
1421
1262
693
630
1105
1424
1332
697
561
907
1694
1718
609
534
1053
4088
4090
4090
4087
4093
4093
4089
4094
4092
4089
4092
1085
1184
1009
801
716
1103
1003
945
803
813
904
1027
1411
4089
4090
4091
4089
4092
4092
4091
4093
4089
4090
4093
4091
4092
1402
1042
808
708
738
1008
1011
799
688
788
1178
1110
4092
4093
4091
1451
1395
913
+++
1419
1763
1777
602
597
4091
4091
4091
4091
4094
4092
2134
4092
4091
4088
4094
1896
1010
655
708
1285
1421
1024
754
646
546
1673
1760
876
587
551
1677
4091
4092
4089
4091
4092
4090
1815
4091
4093
4091
4092
4090
4089
913
1398
1441
806
626
882
1403
1449
932
567
545
1667
1780
709
4092
4091
4089
4090
4086
4091
4093
4092
4090
4090
4093
4093
4093
2012
804
650
871
1432
1403
721
647
847
1423
1081
943
856
4092
4093
4091
4092
4088
4092
4091
4091
4091
4092
4092
4093
4090
1540
1016
754
698
842
1091
1015
710
703
812
1035
946
698
735
792
4092
4091
4090
4092
4093
4093
4091
4092
4092
4092
4092
4092
1224
696
881
959
884
710
720
792
1013
947
718
801
880
1100
994
790
737
4090
4093
4090
4092
4091
4092
1487
4092
4091
4093
4089
4092
1425
843
709
873
960
889
740
652
874
1017
933
742
733
896
4089
4094
4091
4089
4090
4091
4092
4090
4091
4091
4090
1449
805
841
887
1022
866
734
702
812
919
857
714
685
889
1018
1013
723
4093
4088
4093
4092
4092
4092
4090
4093
4092
4093
4091
4089
1670
979
758
732
857
941
894
722
732
876
1012
+++
4092
1188
4089
1434
1140
914
864
1014
854
738
1008
1412
1419
735
637
961
1386
1778
828
581
545
1703
1431
795
4091
4093
4090
4090
4090
4091
4091
4094
4092
4092
4090
633
1389
1431
811
646
820
1384
1424
1047
553
562
1663
1800
858
4091
4094
4092
4093
4090
4094
4093
4093
1573
4093
4090
4091
1460
1428
890
632
691
1319
1415
939
573
569
1556
1806
1534
567
466
4091
4090
4091
4091
1556
4092
4091
4092
4090
4092
1566
1438
1061
640
669
1337
1436
1027
661
667
1291
1775
1020
577
546
1328
1705
1474
4093
4093
4090
4090
4092
4093
4090
4091
1562
4091
3131
549
1259
1413
1195
645
609
1224
1430
1169
653
618
1232
1426
1816
648
630
1283
1738
4092
4090
4092
4090
4088
2024
591
731
1349
1430
1107
659
729
1069
1407
1028
656
638
1270
1748
1811
589
580
1263
1490
4092
4091
4089
4092
1897
1812
626
531
1320
1440
967
654
798
1342
1420
928
644
863
1286
1425
1653
659
589
1342
1778
1220
657
4091
4092
4090
4092
4090
3287
4092
1643
1658
644
546
1325
1432
907
642
804
1321
1437
1531
590
579
1353
1779
1147
4092
4094
4092
4094
4089
723
643
1263
1547
1505
706
811
1226
1416
906
645
947
1228
1443
951
660
829
1238
1428
831
592
595
1334
4092
4092
4092
745
1252
+++
4093
4089
4092
4092
4092
4094
4091
4091
1111
741
811
904
920
876
1447
1424
1808
662
614
1339
1835
1324
4092
4092
4093
4091
4092
4094
4090
4091
4092
1338
648
645
1341
1445
1040
644
584
1408
1798
1783
592
528
1422
1798
4091
4088
4090
4092
4094
4090
4092
4092
4089
4093
4092
4094
619
1283
1453
1045
646
605
1301
1420
1022
589
525
1383
1799
1790
4089
4092
4092
4089
4088
4092
4090
4091
4091
4088
4090
4091
1470
1788
1814
651
627
1303
1420
1016
587
523
1371
1777
1824
613
592
1360
1796
1051
627
4092
4091
4089
1929
638
539
1357
1790
1812
590
533
1209
1449
1124
656
624
1240
1426
1078
575
528
1320
1771
1823
653
610
4089
4094
4093
4088
4092
4094
4092
4091
4088
4087
1771
1762
1043
1006
721
1035
1125
913
644
627
1291
1734
1832
587
584
1263
1515
4092
4094
4092
4090
4093
1705
4090
4092
4087
4090
1568
804
643
817
1401
1441
822
643
779
1530
1686
1239
578
585
1490
1433
4093
4089
4094
4092
4090
3361
4094
4092
4091
4090
4091
740
718
1346
1427
923
645
1012
1291
1794
1535
582
555
1456
1802
1684
586
632
4090
4092
4091
4092
4091
4090
4090
4087
4087
4091
+++
1775
1343
653
587
1532
1820
1347
496
613
4092
4091
4089
4091
4092
4092
4092
4091
4090
4092
4092
4092
4091
4092
722
1412
1442
904
658
709
1701
2039
1063
663
558
829
1730
1804
644
506
4091
4090
4089
4091
4092
4090
4091
4093
4092
4091
4094
4092
4093
4089
750
1218
1419
1227
670
620
1191
1422
1776
609
524
1049
1422
1430
4089
4093
4090
4088
4093
4091
4092
4092
4089
4091
4090
4091
1249
1436
1315
676
620
1184
1429
1274
614
618
1101
1722
1822
603
632
4093
4093
4091
4090
4092
4092
1641
4092
4093
4091
4089
4090
4090
807
633
916
1437
1330
699
515
1086
1726
1762
622
537
1125
1421
4088
4090
4093
935
4091
4091
4089
4089
4089
4090
1913
705
631
1084
1409
1753
738
588
913
1533
950
699
669
4092
4089
4091
4091
4092
4090
1450
4092
4090
4090
3337
4089
1420
907
805
717
727
859
893
686
1020
1059
1157
921
726
765
878
4091
4092
4091
4092
4091
4091
4093
1673
4093
4092
4087
4090
4091
1177
883
816
933
876
795
725
820
1128
1017
731
745
741
982
4093
4093
4088
4088
4093
1539
1421
4094
4087
4092
4091
4092
4090
1136
918
1063
841
801
820
898
985
860
698
830
861
926
716
832
4092
1445
+++
807
703
789
1435
4090
1285
547
939
1667
1710
635
624
555
1561
1800
1129
569
571
1548
4091
4089
4092
4088
4087
4093
1055
1434
4093
4092
4091
1331
630
736
1336
1418
922
568
567
1554
1833
1482
590
645
4091
4091
4091
4092
4089
4092
4092
4089
4087
4094
4093
4092
4092
884
609
1317
1422
1089
591
647
1542
1768
909
709
888
1003
701
4093
4091
4092
4092
4094
4091
4092
4090
4094
4090
1549
1022
756
703
745
822
780
814
807
860
806
4092
4091
4091
4091
4093
4091
4092
4090
4092
4091
1270
904
785
810
821
792
737
794
856
873
869
777
793
4093
4087
4091
4091
4092
4091
4091
4091
4091
4094
4088
1392
1073
752
751
865
851
848
777
712
791
915
878
807
1548
4089
4086
4091
4094
1396
1210
1429
1412
815
816
874
896
864
762
719
818
828
859
703
649
774
988
925
776
695
1327
4091
4089
4089
1338
1164
1526
1112
770
722
827
876
862
807
734
728
831
944
818
716
788
865
926
705
4093
4089
4093
4092
4091
2623
1253
4092
4091
1395
1001
942
880
846
823
746
687
805
914
807
709
744
861
4090
4091
4093
4089
4093
4093
4089
4091
1192
1221
1151
1355
970
825
874
889
804
747
710
787
923
863
694
690
851
952
830
639
4092
4092
4091
4090
4091
4092
4092
4091
1404
1058
854
893
999
892
730
+++
824
632
772
1700
840
4092
4094
4093
4090
4089
4089
4092
4092
4090
4093
817
516
695
1705
1870
698
600
629
1438
1766
703
561
4091
4089
4089
4092
4093
1120
1687
4091
804
537
4092
1874
1446
712
536
591
1422
1428
681
532
724
1690
1687
810
624
4091
4092
4091
4092
4090
4091
4092
4092
4091
4092
2942
1432
1436
707
621
1022
1437
1428
705
529
664
1713
1798
675
630
4094
4092
4092
4091
4090
4091
2160
1821
647
585
1042
1408
1427
694
628
1095
1427
1417
686
634
749
1690
1716
644
625
4089
4094
4091
4093
4093
4092
4091
1679
660
4092
4090
1888
1438
1026
652
917
1247
1422
1783
605
551
1231
1764
1778
4089
4090
4093
4092
4093
4094
655
4091
4090
4090
707
605
1234
1430
1167
647
608
1220
1436
1133
598
562
1241
1726
2165
608
4093
4091
4089
4092
4092
4092
1347
1692
2058
599
4092
1305
1740
1356
649
629
1171
1429
1310
674
539
1035
1689
1948
627
627
4091
4092
4091
4088
4091
4093
4093
1825
641
527
914
1416
1429
696
605
1099
1431
1426
654
644
831
1413
1384
711
535
729
4091
4092
4093
4091
4088
4093
4094
1876
646
958
1393
1143
999
858
745
720
1420
734
645
921
1593
1798
833
635
1200
1685
4092
4090
4091
4094
4090
1837
4091
4094
4094
1548
1740
829
649
878
1385
1821
821
571
596
1589
1426
4093
4088
4090
4088
1552
1302
595
586
+++