639
1587
1724
821
487
583
1029
1664
1670
600
4094
1044
1651
1686
719
542
922
1550
1674
651
578
757
1668
1671
637
544
754
1653
1695
663
560
619
1621
1721
654
568
596
1598
1667
657
564
560
1580
1662
1039
552
577
1594
1690
4089
658
605
1602
1648
692
566
590
1554
1661
698
547
576
1626
1538
736
617
570
1511
1653
801
554
582
1526
1683
815
531
614
1545
1673
4089
667
606
4093
4094
1123
596
583
1509
1636
1037
560
616
1511
1621
1298
548
597
1457
1633
1456
586
603
1448
1588
1247
612
577
1465
1632
1142
595
597
1467
1640
1608
620
569
1407
1584
1586
615
591
1328
1556
1595
659
606
1298
1572
1597
686
579
1254
1604
1606
639
572
1247
1569
1602
644
594
1195
1554
1679
666
615
1251
1554
1624
647
614
1223
1570
1629
655
609
1178
1564
1624
666
589
1143
1565
1599
665
612
1119
1552
1600
679
612
1122
1541
1588
713
597
1103
1548
1566
695
596
1081
1536
1583
703
608
1124
1553
1577
683
4094
1157
1550
4089
808
611
4094
1687
4092
825
618
1079
1549
1739
743
600
904
1538
1546
774
600
844
1544
1552
781
601
764
1571
1578
823
+++
97
1333
472
546
1587
1769
1358
478
544
1569
1710
1353
517
476
1555
1774
1686
523
472
1551
4091
1817
523
475
1578
4094
1809
528
594
1541
1799
1706
550
455
1578
1765
1483
593
517
1485
1702
1725
617
558
1483
1714
1708
629
532
1378
1614
1732
640
645
1364
1679
1685
607
554
1307
1595
1684
605
517
1352
1562
1709
634
627
1293
1460
1672
620
533
1276
1648
1676
660
522
1212
1638
1656
635
498
1202
1690
1665
4091
609
1194
1691
1652
644
559
1099
1668
1675
632
601
1071
1438
1589
669
653
836
1621
1660
647
638
879
1637
1692
789
658
578
1546
1674
924
590
605
1583
1671
1026
604
578
1551
1653
1169
611
567
1542
4091
1187
4089
4091
1600
4087
4089
681
595
4091
1800
1558
588
612
1421
1592
4091
1060
592
608
1575
4094
906
612
678
1529
1617
1047
594
592
1526
1647
1081
620
599
1503
1749
1210
650
590
1487
1564
1346
586
621
1508
1615
1484
613
4090
4093
1778
1573
613
656
1360
1589
1562
613
634
1304
1567
1528
666
585
1313
1444
1310
638
598
1274
1434
1614
670
623
1131
1542
1642
677
605
1020
1539
4087
804
608
1007
1536
4094
826
602
928
1544
1438
724
611
+++
1724
1408
585
532
1544
1731
1636
673
557
554
1600
1743
743
534
488
1652
1758
787
534
547
1561
1740
814
500
555
1634
1766
868
534
580
1584
1713
947
506
585
1554
1737
1045
486
583
1537
1680
1143
491
4089
4087
1853
1262
4091
677
1562
1710
1287
477
565
1572
1802
1617
573
502
1519
1783
1601
568
539
1573
1718
1730
569
514
1468
1711
1773
707
522
1431
1671
1728
711
629
1301
1660
1717
635
481
1178
1679
1683
716
493
1075
1704
1689
638
497
994
1693
1716
643
484
856
1723
1721
661
531
657
1570
1682
657
538
561
1611
1681
719
537
528
1626
1734
745
552
579
1623
1776
809
522
565
1613
1855
973
490
591
1566
1725
1144
485
584
1548
1748
1337
496
549
1495
1750
1642
615
550
1552
1732
1754
637
518
1517
1746
1730
595
525
1450
1719
1728
619
531
1386
1703
1721
629
481
1252
1735
1567
638
480
1152
1460
1432
710
537
1001
1554
1762
682
512
792
1675
1485
600
506
613
1662
1725
636
513
561
1656
1868
684
527
555
1674
1755
709
494
498
1706
1822
775
470
527
1655
1878
980
464
543
1728
1790
1032
462
523
1632
1933
1521
474
489
+++
639
616
1494
1574
1025
604
617
1539
1591
1005
650
628
1425
1566
940
632
728
1480
1543
844
620
771
1514
1533
997
616
746
1454
1454
1027
619
892
1543
1462
1011
624
810
1457
1615
1040
497
572
1582
1783
1157
457
577
1572
1623
1232
507
585
1549
1722
1413
530
579
1563
1722
1536
511
580
1507
1726
1666
575
553
1501
1580
1710
618
525
1566
1672
1747
608
533
1529
4094
1665
657
520
1477
1595
1761
659
531
1386
1433
1521
664
625
1342
1432
1447
636
518
1222
1663
1503
639
631
1095
1666
1697
647
476
848
1714
1787
684
484
1733
1754
1723
671
461
589
1725
1554
667
494
569
1727
1759
640
536
565
1682
1778
718
519
532
1695
1733
733
535
524
1642
1715
800
532
532
1662
1773
893
514
569
1572
1779
1026
500
586
1576
1713
1108
484
528
1425
1776
976
547
580
1435
1721
1146
612
638
1645
1735
1417
576
578
1494
1673
1695
577
559
1439
1642
1694
608
595
1465
1643
1681
655
583
1369
1662
1725
638
541
1240
1658
1670
656
543
1152
1586
1662
640
550
1033
1631
1711
4094
633
897
1607
1705
1753
589
547
1395
1432
1502
645
653
1361
1433
+++
521
1493
1718
1696
618
492
1551
1743
1819
578
519
1501
1745
1872
583
500
1410
1691
1824
629
479
1335
1732
1773
636
499
1263
1701
1733
618
485
1232
1679
1739
612
490
1106
1673
1728
658
4093
1230
1692
1730
4092
4084
1133
4092
4087
4094
543
896
1681
1734
2661
565
951
1747
1803
642
488
941
1729
1744
642
475
1046
1774
1754
649
491
737
1757
1738
674
459
750
1746
1755
1782
577
628
1426
1512
1297
671
649
1400
1768
1251
690
625
1301
1697
1718
652
658
1202
1689
1878
650
615
1292
1645
1679
633
585
1182
1695
1679
653
551
1166
1676
1659
644
601
1182
1640
1678
646
598
1206
1606
1700
680
578
1124
1632
1688
670
597
1204
1639
1699
672
589
1100
1596
1691
4090
675
1139
1570
1707
665
563
1092
1584
1714
4091
4090
1223
1555
4092
774
579
4091
1695
1703
3931
675
1171
1558
1670
694
602
1257
1571
1202
704
615
1151
1429
1798
686
629
1208
1423
1674
692
610
1263
1536
1675
670
633
1192
1405
1687
688
639
1257
1437
1665
704
620
1154
1508
1377
726
610
1112
1563
1446
693
603
1219
1562
1665
747
612
1112
1546
1646
755
648
1131
1573
1615
774
613
1046
1546
1629
784
4092
1108
1527
1632
763
616
+++
689
471
475
1875
1843
680
617
478
1880
1856
693
449
498
1871
1858
674
458
518
1840
1880
644
462
530
1657
1766
643
412
466
1998
1865
637
432
4090
1976
4092
706
4091
4093
4092
1988
4093
4087
621
4093
4091
799
316
4093
2132
4090
701
421
603
1896
1738
610
337
681
1804
1735
677
322
690
1804
1769
654
596
946
1956
1798
678
441
1008
2009
1899
651
576
982
1922
1763
597
441
941
1935
1805
593
429
1033
1970
1830
638
455
1084
1748
1789
622
459
942
1750
1779
635
455
1051
1744
1718
623
460
1057
1776
1781
630
455
1159
1762
1771
4091
522
1130
1769
1785
642
445
1130
1759
1775
636
475
1186
1741
1758
634
467
1115
1706
1778
610
476
1226
1734
1512
672
479
1189
1649
1745
684
465
1119
1455
1760
690
616
1089
1457
1782
616
348
1101
1938
1782
669
469
1168
1450
1722
633
454
912
1773
1791
606
472
1116
1689
1673
632
465
1123
1722
1710
659
514
1052
1744
4089
725
4090
1256
1707
1802
4086
582
1009
4094
4088
4093
550
1047
4092
1908
650
455
1001
1702
1759
635
4088
966
1761
1712
643
442
954
1738
1728
818
464
1113
+++
1756
560
493
1417
1719
1774
550
484
1554
1790
1758
582
480
1609
1780
1745
567
493
1572
1811
1755
573
488
1578
1818
1768
573
4094
1722
4090
1906
1177
489
1573
4093
4090
655
1408
1591
1817
4091
635
473
1622
1851
1680
513
526
1570
1798
1789
486
554
1512
1861
1807
492
632
915
1646
1948
622
533
1495
1848
1795
474
494
4092
2013
1766
4091
4094
1662
1834
4091
542
4093
1780
4092
1472
489
627
1572
1515
1271
482
543
1633
1840
1670
534
559
1524
1713
1706
604
608
1551
1663
1147
625
509
1504
1697
1426
497
525
1823
1857
834
503
603
1605
1678
1710
512
512
1651
1723
1702
563
4090
1768
1717
1684
608
534
1696
1750
1607
564
508
1606
1707
1498
582
516
4093
4094
4092
698
492
1543
1805
1777
740
591
858
1660
1761
677
543
868
1700
1786
665
549
948
1700
1948
4094
616
1026
4090
1932
636
520
4089
1881
1726
636
553
1131
1736
1725
606
558
1189
1742
1608
662
579
1222
1723
1711
566
550
1309
1714
1745
568
557
1357
1708
1720
561
587
1391
1681
1681
555
597
1432
1716
1700
550
575
4091
1914
1722
524
550
1612
1752
1723
539
577
1619
1791
1697
540
532
1644
1624
1686
542
510
1651
1714
1543
575
575
+++
886
1756
1785
658
488
1017
1655
1861
1505
484
535
1632
1820
1593
489
537
1625
1824
1716
478
552
1654
1794
1452
515
578
1606
1803
1774
554
497
1683
1819
843
526
502
1607
1686
822
616
506
1697
4086
815
494
523
1710
1959
710
504
567
1279
1456
1539
563
462
1508
1749
1850
553
491
1468
1809
1985
525
467
1559
1821
1737
502
502
1550
1838
1775
501
499
1564
1847
1650
448
541
4092
1938
1676
514
540
4091
2012
1565
424
510
4092
1966
1270
406
527
4092
4092
1341
473
550
1606
1796
1265
506
490
1693
1867
1048
470
521
1696
1865
4093
604
525
1639
1806
1116
487
529
1674
1520
888
503
533
1662
1802
888
523
641
1833
1519
919
509
462
1677
1929
909
499
470
1697
4090
1002
500
466
1729
1865
909
442
478
1675
1902
933
543
514
1625
1868
1072
607
498
1732
1914
1070
473
510
1585
1842
1043
475
519
1648
1839
1153
458
497
1666
1907
1261
491
505
1615
2018
1219
453
534
1672
1907
1396
465
528
1630
1902
1431
425
479
1662
1844
1236
485
485
1625
1822
1593
480
515
1648
1865
1588
4091
580
1662
1773
2641
4090
539
4090
4091
4092
568
502
1633
1861
1769
464
496
1624
4091
1864
484
489
1608
1992
1840
563
485
1591
1804
1893
517
485
1585
1786
1818
637
528
1134
1668
1737
665
637
1197
1674
1831
616
574
1132
1583
1698
660
617
1566
1565
1526
610
603
1413
1509
1263
+++
823
599
485
4089
1904
1785
606
469
4092
1908
1773
561
453
4093
1937
4090
647
471
1637
1847
1830
493
501
1572
1861
1754
464
504
1662
1844
1427
428
524
1682
1882
1165
470
496
1705
1865
960
482
476
1756
1924
782
487
497
1714
1864
717
465
485
1685
1849
689
458
504
1825
1824
675
475
597
1844
1791
652
449
778
1807
1813
644
470
948
1777
1798
627
443
1146
1795
1821
630
4093
1439
1783
4093
651
474
1470
1790
1858
590
506
1450
1761
1841
584
469
1577
1809
1779
519
4090
4091
1983
1794
498
4089
1807
1846
1622
462
501
1612
4089
1554
475
542
1673
1857
918
510
556
1667
1834
1744
587
528
1609
1624
1443
619
480
1640
1845
1573
616
616
1637
1735
1404
595
526
1486
1743
1249
555
626
1637
1795
1292
603
571
1675
1489
1326
583
592
1653
1670
1208
589
546
1689
1671
1110
594
580
1735
1710
1044
588
835
1615
1683
984
602
597
1560
1689
990
642
593
1595
1660
971
563
670
1671
1664
911
586
691
1676
4090
965
578
880
1559
1690
823
581
4092
4092
4093
887
621
862
1703
1514
720
598
948
1676
1785
706
614
958
1624
+++
1867
788
521
488
1649
1875
1719
600
451
1373
1795
2029
606
1078
1531
1828
2161
546
470
1618
1842
1933
570
493
1622
1920
1750
450
503
1658
4090
1821
476
487
1680
1910
1490
461
4093
1806
1854
1253
449
4088
1803
1892
1062
457
511
1671
4092
857
591
479
1797
1892
803
536
470
1720
1836
732
499
472
1719
1791
706
492
584
1738
1913
698
452
477
1753
1889
633
477
469
1863
1921
626
490
514
4090
4091
724
475
582
1897
1864
615
420
617
2033
1806
646
426
711
2062
1785
616
443
821
2204
1939
610
426
971
1858
1839
610
434
1157
2003
1747
649
467
1200
1746
1990
630
467
1397
1782
1896
577
444
1463
1871
2077
521
472
1621
1849
1937
581
467
1657
1933
2040
555
439
1573
1899
1838
498
462
1753
1908
1835
467
454
4092
2043
1827
462
4090
1772
1894
1431
418
4088
1776
1866
4093
514
558
4088
1878
1133
4094
575
1719
4092
1931
4089
570
1762
4090
4090
640
484
4091
2318
734
4090
4091
4093
2017
698
4091
4090
1939
1918
4092
4093
626
1937
4091
781
480
478
1840
1867
625
4091
893
1869
1864
661
4093
857
2103
1873
610
529
856
1889
1817
628
463
1103
1831
1850
612
444
1150
1805
1835
603
345
1307
1844
1900
593
1291
1271
1833
1911
637
472
1537
1840
1874
538
618
1377
1867
1921
526
603
1385
1508
+++
484
1760
1897
743
482
479
1751
1885
676
458
4090
1628
2024
681
336
460
1783
2211
723
459
495
1742
1882
748
473
443
1895
1932
659
615
471
1750
1915
682
472
517
1999
1923
695
441
481
1935
1944
648
448
489
2041
1940
671
442
484
1896
1932
643
422
495
2085
2107
647
414
479
1989
1868
624
437
493
1900
1834
653
458
612
1898
1850
639
460
706
1792
1836
630
4093
813
1837
1478
665
485
812
1906
1817
713
434
896
2063
1819
4093
702
886
4091
1944
669
4091
1129
1898
4091
735
470
4093
3678
1662
672
4091
4094
1629
1800
677
508
1351
4090
1902
651
509
993
1689
1801
4091
614
926
4091
4092
754
4093
4092
1795
1838
4090
569
4094
4092
1937
617
506
1690
1856
1859
592
542
1323
1659
1815
630
653
1349
1827
1857
562
578
1551
1784
1795
595
579
1455
1785
997
587
649
1429
1783
4090
683
566
4090
1925
1536
4092
695
1629
4091
2019
4092
578
922
1680
1816
656
568
995
1701
1843
642
529
1155
1661
1781
4092
693
1153
1784
1779
653
565
1236
1770
1798
602
4092
1464
1664
1770
581
592
1373
1665
1768
568
586
1528
1782
1749
565
565
1444
+++
1697
1565
709
599
1102
1701
1548
714
609
1186
1664
1449
710
607
1189
1684
1497
710
600
503
1756
1909
625
440
483
1892
4092
703
4087
561
4087
2009
627
469
547
2127
1877
624
422
4094
2187
1905
617
417
681
2087
1888
625
438
826
2050
1899
644
451
767
1925
1887
652
441
853
2114
1816
608
460
908
1833
1877
605
415
943
1820
1721
609
438
1074
1970
1846
615
436
1091
1855
1916
630
449
4092
1954
1798
593
455
1220
4091
1892
4093
496
1311
4091
1951
606
439
495
4092
2041
1161
4089
572
1448
1920
1119
451
481
1764
1896
1059
473
488
1694
1898
878
447
4090
1881
1890
960
501
498
4091
1958
4090
4088
671
1705
1837
869
501
494
1796
1868
822
562
498
1668
1875
775
529
478
1757
1874
769
431
492
1769
1872
699
551
481
1743
1910
712
356
486
1736
1875
679
489
499
1810
1879
638
468
606
1695
1806
649
484
759
1841
1806
647
472
899
1737
1809
627
501
1043
1801
1813
620
479
1214
1787
1814
610
540
1324
1790
1880
610
472
1436
1818
1845
592
515
1546
1807
1872
561
458
1628
1891
1805
524
476
1632
1517
1538
508
504
1673
2146
1483
436
648
1716
1895
1255
476
510
1715
1890
961
529
465
1453
1959
815
479
400
1425
1842
725
633
526
1798
1515
666
627
606
1875
1866
647
572
869
1799
1833
626
459
1167
1812
2002
614
506
+++
661
644
1231
1676
1171
637
652
1440
1464
1009
646
593
832
1461
1532
717
644
1029
1462
1758
707
621
925
1454
1496
701
660
1031
1669
1423
661
602
1269
1694
1477
634
583
1365
1751
1273
664
431
723
2091
1916
598
450
808
2173
2019
599
342
1220
2379
2105
511
409
1596
2175
1973
512
459
1652
1800
1919
459
487
1854
2228
1879
399
470
1915
2337
1470
382
433
1862
2109
897
492
461
2094
2052
763
325
458
2171
2098
762
452
444
2216
2052
617
398
689
2229
1783
680
541
1413
1679
1845
576
532
1603
2036
2023
383
377
1774
2247
1931
569
408
1693
4089
2023
334
466
1916
4091
1942
401
468
4088
2333
4089
437
463
4092
2271
4093
4093
522
4090
4092
4091
4093
4090
4091
4090
677
396
4091
1930
1948
697
446
1054
1799
1912
594
464
1535
1824
1928
511
456
1735
1974
1815
594
423
1605
2064
1388
432
571
1416
2024
1149
590
469
1892
2069
888
468
425
1998
1915
728
481
463
1947
1915
652
301
534
1532
1881
657
407
715
2088
1548
646
440
1064
1523
1538
575
454
1413
1527
1952
605
441
1714
1996
1883
555
452
1803
2092
1808
506
481
1859
2158
1623
439
489
1698
1977
1046
449
458
1977
1959
884
511
472
1839
1918
698
517
481
1731
1890
682
470
594
1849
1864
641
476
813
4091
1968
4090
513
4092
4090
4091
687
463
4091
4094
2006
592
4089
4093
1966
1874
4092
+++
773
4091
1667
765
644
902
1610
1772
2118
733
1017
1681
1688
702
607
1166
1765
1445
661
616
1404
1798
1350
665
622
1462
1750
1156
606
453
1491
2170
1966
556
443
1732
4091
2055
543
790
1763
2126
1876
450
448
1799
2058
1639
415
485
1880
2051
978
370
459
1886
1940
837
476
443
1981
1932
665
421
453
1993
1928
633
424
481
4093
4090
723
424
4089
4091
2005
599
4089
4093
4089
1991
584
414
4089
4093
4089
643
426
1591
4091
2072
559
436
4093
2202
1832
507
460
1718
2063
1873
447
4089
1929
1933
4092
2464
530
1718
1860
1147
434
498
1729
1938
993
4092
568
4091
2129
751
475
446
1671
1921
711
532
4090
1913
4091
757
470
479
1919
1961
633
450
810
1772
1891
640
504
744
1952
2159
679
438
1052
1911
1862
594
435
1218
1872
2073
619
473
1433
1809
2065
573
429
1612
1886
1856
475
445
1671
1788
1895
487
424
1700
1968
1883
459
501
1708
1920
1599
479
490
1684
1941
1040
428
461
1802
2034
989
455
461
1816
1993
816
491
411
1765
1960
713
470
459
1783
1991
673
457
496
2047
1975
615
423
543
1942
1914
581
456
883
2046
1801
579
480
1141
1873
1829
600
493
+++
1553
443
624
1891
4090
1221
399
602
1905
1556
1140
443
497
2001
2167
923
463
427
2033
2135
733
446
594
2066
4092
759
420
463
2078
1597
640
421
485
2105
2034
4092
550
648
1880
1873
605
437
4092
2035
1907
616
1577
1148
1862
1549
535
426
1669
1805
1950
522
473
4091
2020
1892
507
444
1716
4090
1950
464
499
1810
1871
4094
495
490
2000
1939
1013
487
487
1733
1864
1445
513
491
1822
1895
843
492
495
1681
1892
741
482
526
1832
1928
682
474
498
1823
1805
825
461
748
1788
1889
676
470
575
1716
1905
761
468
495
1759
1838
709
491
643
1785
1921
627
496
1217
1839
1915
606
463
1266
1882
1880
548
502
1179
1831
1842
501
500
1507
1843
1851
515
547
1605
1829
1839
538
490
1699
1903
1159
565
378
1826
1825
822
482
472
1745
1806
1415
526
504
939
1795
1848
564
517
1179
1814
1809
553
570
1415
1799
1796
4093
651
1595
1822
1776
1281
566
1702
1812
1432
587
508
1668
1808
1319
583
537
1685
1794
1135
589
569
1659
1810
904
575
716
4091
1909
790
577
892
1772
1669
776
554
834
1709
1810
678
541
1041
1729
1816
631
538
1229
1794
1833
491
468
1624
+++
454
490
4093
2104
4089
523
4093
1637
1870
811
484
4092
4092
2041
4090
572
493
1800
1987
708
470
460
1786
1952
686
487
482
1791
1818
1861
1940
586
473
1483
1852
1933
594
444
1639
598
461
1650
2066
1951
550
451
1764
2069
1899
592
457
1746
1941
1860
528
446
1823
2120
1785
443
462
1890
2232
1867
576
446
1875
2140
1783
445
463
1909
2170
1621
413
481
1873
1982
1364
427
493
1739
1962
1023
437
508
1763
1943
851
433
481
1776
1989
927
418
486
1877
1955
833
478
464
1992
1905
780
494
426
2031
1985
663
472
439
1979
2309
636
434
470
2039
1948
624
428
474
2129
2033
653
567
472
2076
1912
4094
510
628
2159
4091
669
430
839
2072
1873
1150
475
1198
4091
2047
615
473
4090
1982
2081
4088
4093
1306
1816
4093
4091
4093
1408
1822
1881
570
4094
4093
4092
4093
4094
696
1526
1900
2038
488
488
1622
2078
1574
474
485
1672
1908
1783
495
477
1833
1908
1372
467
486
1785
1948
836
480
491
1619
1912
4091
708
4093
1938
1820
895
481
493
4090
1971
766
483
1078
1836
4089
733
4093
1054
1805
1532
614
503
1120
1840
4090
706
481
4093
4092
1654
613
519
1509
1863
1810
542
+++
1065
401
817
2173
1818
577
449
1269
2195
2064
564
360
1109
2190
2046
573
391
1452
1759
1913
561
511
1287
1679
1935
668
494
1372
1769
1951
596
492
1456
2058
1946
515
382
2041
1761
1899
533
528
1724
2271
1994
511
390
1852
2348
2006
368
452
1889
2364
1931
333
434
1971
2272
1868
420
456
1931
2254
1872
349
453
1827
2267
1030
330
462
1980
2217
942
404
438
1646
4092
4092
484
422
2027
2172
1045
354
384
2024
4093
989
516
544
1738
1894
830
479
308
2065
2027
714
599
396
2097
2241
4090
565
564
2127
1599
4092
4093
4092
2243
2417
670
408
444
4087
2322
4092
484
466
2244
2205
695
379
598
2101
2101
686
465
464
2125
2227
674
382
262
2215
2144
662
318
447
2234
1966
628
346
4090
4091
2284
621
4092
448
2295
2106
653
379
577
2287
2100
633
363
494
2237
4091
4094
4092
722
2130
1980
4093
545
1031
4088
2182
611
328
1008
2180
4093
677
333
1345
2203
2109
588
503
1297
2186
2087
576
420
1437
2179
2266
536
356
1745
2256
2143
547
342
1795
2263
1955
535
322
1823
2301
2029
428
395
1866
2231
1870
433
453
1833
1985
1486
461
466
1680
1994
1211
406
+++
1868
641
585
4092
1941
4094
711
1325
1096
1520
1537
614
591
1266
1972
1974
643
615
1589
4092
2108
596
599
1357
1525
1993
646
424
1482
1549
1543
531
609
1402
2342
2006
432
464
1729
2050
1913
447
509
1687
1590
1885
441
469
1676
1989
1830
379
466
1717
1980
1601
408
459
1841
1929
1398
391
507
1999
2130
1066
600
473
1756
1957
934
4093
558
1422
1549
813
4090
702
1476
4092
955
576
4090
2353
4090
861
562
4092
4092
4092
823
562
617
1957
1919
760
530
455
1785
1911
700
623
436
1520
1916
707
497
522
1494
1837
699
582
473
1762
1571
678
508
473
1819
2068
649
642
449
4094
2193
1933
632
462
1629
4092
2047
4092
675
1680
1539
1922
4091
515
1636
1537
1833
4089
546
1441
1941
1890
4093
520
1716
1936
1928
539
459
4093
2130
4092
589
556
1802
1689
1824
444
480
1718
1923
1799
591
470
1835
1951
1686
446
507
1690
1935
1608
471
524
1663
1939
1482
457
524
1760
1939
1232
419
542
1754
1781
1264
606
498
1711
1950
1179
451
481
1481
2092
1094
440
423
1781
1894
894
461
474
1767
1937
837
494
483
+++
746
606
4094
4089
1683
651
1339
1441
1529
1913
579
459
467
1710
1939
1825
487
1601
1778
1925
685
476
467
1896
1929
667
438
548
1915
1820
658
4093
4092
1948
4089
701
456
1148
1831
1822
4090
4092
1522
4089
2065
558
4091
1705
1824
1567
543
471
1783
1902
1833
504
473
1677
1918
1872
603
504
1671
1947
1528
445
478
1685
4088
4089
4090
4094
1624
1502
4092
616
552
1709
1565
754
4086
538
4092
4093
4090
4092
651
4092
1843
652
4091
687
1986
4090
769
479
635
1884
2056
633
566
882
1827
1520
673
4090
1286
1826
1919
4093
4091
4091
2114
1607
707
362
1548
1833
1915
588
543
1639
1925
1902
576
466
1680
1913
1928
490
447
1743
1737
1822
606
480
1693
1941
1700
447
4092
1847
2121
1045
445
4089
4092
2058
4090
4092
583
2188
4090
4094
4094
4093
1971
2057
766
4089
507
1815
1567
735
20
538
1767
1902
678
440
610
1883
1997
514
431
798
2283
1879
677
460
827
1901
1512
649
428
1087
1577
1853
589
448
1392
1576
1945
614
464
1322
1859
2088
543
458
1663
1909
1926
642
474
1699
2127
1915
432
468
1750
2044
1912
420
464
1828
2020
1401
413
473
1897
1992
1043
443
491
1743
1949
881
431
480
1808
4090
879
4089
501
1868
1956
690
456
468
1804
2044
731
484
512
1741
1975
666
438
501
1927
2077
652
445
701
1920
1878
4089
494
981
1847
1806
614
469
1229
1849
1812
596
470
1405
1847
1921
593
460
1588
1856
1964
564
440
1507
1907
1947
547
469
1425
1533
1713
456
507
1732
1911
1709
444
499
1690
1937
1340
451
522
1707
1923
1114
482
531
+++
951
680
453
468
1837
1889
658
478
489
1725
1928
676
451
485
1881
1955
4093
4092
4090
1786
269
695
4094
989
2023
4091
1633
598
4094
2156
4090
769
4093
961
1889
1535
644
559
849
1516
1557
632
480
822
1865
1813
611
439
952
1936
1874
602
462
1030
1837
1833
368
489
1077
2033
1859
673
434
1195
1822
1907
596
444
1256
1967
1923
636
474
1339
1453
1923
589
455
1311
1885
1556
1245
109
4090
4093
1679
4091
698
4092
4091
2065
4091
117
3313
1656
4090
647
4094
4092
4093
2093
490
532
4090
2209
1911
442
579
1639
2044
1871
601
491
1687
1961
1468
443
4092
1843
1915
1742
371
500
4092
4094
1716
407
482
1839
2155
1353
441
496
1734
2071
1332
433
493
1790
1958
1264
480
503
1743
4091
1296
508
465
1346
4092
1621
627
614
4092
4091
4092
490
321
4092
4090
970
616
480
2208
2064
801
490
479
4089
2295
856
4094
517
1784
4092
4093
565
606
1972
2089
774
451
487
1809
1919
793
450
473
1780
1948
725
473
513
1837
1925
679
470
487
1835
1984
675
451
492
1891
1885
634
463
4092
1960
1957
4090
539
573
4092
4089
4092
4093
4092
4092
2171
1813
516
4092
1977
2060
1924
4092
569
1700
2084
1791
497
4092
1658
1886
4090
562
472
1797
2129
1376
434
4091
1691
1542
1509
469
478
1724
1954
1502
453
496
+++
105
1841
1826
594
486
1371
1816
1924
552
468
1641
1905
1926
519
470
1404
2015
1973
600
475
1417
1922
1553
419
475
1916
1964
1169
609
619
4092
2041
4094
576
1892
1732
2053
4093
568
4092
1680
1563
736
487
503
1725
1964
664
566
496
1896
1911
673
464
726
1817
1814
622
462
1064
1829
1869
4092
4094
1269
4091
3264
688
4090
4089
2092
2052
4091
4091
1686
4089
4090
4092
4090
4092
4093
1899
4091
720
1502
3628
4091
691
4090
4091
4092
4094
686
4092
1588
1521
1646
416
4090
1835
4092
1189
420
494
4089
1678
638
4091
532
1004
1514
1521
659
4091
1155
1672
4087
769
454
1022
1853
1513
665
434
1231
2030
1539
604
622
1400
1828
1555
553
446
1505
1835
1916
582
467
1392
1687
1864
472
442
1338
1526
1990
549
449
1675
1569
1545
627
598
4088
1684
1526
4091
681
1460
4092
1661
620
4092
1560
1582
1973
4093
692
1433
4092
4092
4092
4091
4091
4089
2039
4092
4092
1572
2025
1887
4093
4091
4092
4094
1250
552
599
1913
1539
1444
487
691
1831
1540
1836
205
582
1654
2148
1850
425
486
1459
1989
4093
515
500
4091
2105
951
547
609
1753
1991
1886
411
504
1719
1967
1523
426
494
1685
1965
1196
582
498
1714
1893
1423
449
498
4091
1786
1287
596
4088
1576
2038
1282
4093
4093
4090
1943
1166
4090
4091
4092
2121
1027
629
641
1659
1914
1174
461
484
1921
1945
899
610
569
1887
1842
811
590
458
4086
2053
906
+++
60
1788
1027
615
769
1448
1759
950
594
841
1698
1788
888
596
905
1701
1777
811
563
909
1710
1789
786
573
840
1729
1778
732
611
1011
1815
1918
803
497
474
1769
4089
800
4091
579
4092
2039
4094
4091
4091
1923
1972
659
441
494
1874
1736
666
461
707
1863
1848
681
456
954
1865
1845
623
440
1173
1845
1825
614
489
4089
1946
1951
4093
537
4087
1961
4091
842
463
4092
4087
4092
4092
514
4091
4093
4094
4091
549
4092
2074
4094
4091
4092
1808
1946
4091
4093
553
1673
2153
1754
4091
584
1691
1946
1524
437
511
4094
4091
1419
486
480
4090
2085
1074
599
455
1816
1912
951
501
459
1769
1855
781
494
482
1809
1926
751
494
490
1921
1956
710
470
678
1452
1931
665
448
495
4092
2027
4090
513
4091
4092
2026
697
4092
4092
4094
4090
4088
487
4092
4092
1995
4091
4093
4092
4092
1952
4091
4093
927
4092
1882
568
4094
1325
4092
2033
635
497
1224
4091
2125
636
4091
1419
1826
4092
799
468
1578
2015
3970
612
4091
1752
1857
1889
548
474
1656
1899
1810
455
457
1657
1946
1854
631
529
1696
1754
1729
465
476
1699
1558
1438
409
502
1730
1755
1829
664
602
832
1819
1814
620
478
1013
1803
1811
604
488
1237
1809
1843
610
485
1404
1836
1892
597
484
1575
1818
1883
569
455
4091
1964
4092
4091
4089
1762
4094
4090
565
518
4086
+++
464
1651
4092
2010
501
487
1672
1976
1786
420
483
4091
2063
1174
470
501
1231
1934
1241
464
491
1712
1939
1040
453
460
1560
2082
903
564
471
1817
2286
788
503
472
1795
1912
703
450
506
1472
1938
690
481
4090
1955
4092
735
4092
737
1886
4090
726
4091
4090
2056
4090
701
467
4088
4087
4090
705
455
4091
1970
1805
4090
4092
1117
4092
4088
681
441
3416
2329
4092
695
452
1337
1804
4092
696
455
4092
1929
1988
4089
564
1515
4094
4090
643
471
1588
4093
2136
557
4092
1787
1828
4094
604
474
4090
4091
4094
4094
546
4092
2057
1908
535
4090
1654
1925
1530
440
452
1649
1547
1449
460
471
1640
1937
1810
491
476
490
1878
1860
717
578
496
1839
1960
663
459
622
1888
1892
650
476
711
1831
1861
651
779
783
1850
1874
666
594
889
1844
1858
636
484
1038
1576
1825
615
425
1155
1848
1508
637
460
1210
1818
1851
612
491
1333
1807
1943
605
496
1440
4092
4092
686
488
1525
1790
4093
663
457
1590
1828
1919
593
466
1610
4091
1972
551
4092
4091
2025
1815
4092
4094
4092
4093
4093
580
492
4092
2170
1851
594
629
1564
1907
1827
437
494
1664
1913
1671
428
488
1720
1995
1463
430
493
1676
1943
1168
453
484
1797
1893
980
499
452
1729
1889
885
511
466
1846
1949
789
466
464
1825
+++
899
1766
477
488
1714
1954
1779
448
508
1512
1818
1786
589
559
1431
1793
1794
557
592
1362
1791
1573
607
578
1706
1938
1599
435
525
1708
1888
1612
483
500
1666
1902
1715
435
508
4091
2065
4089
514
4092
1818
1930
1781
434
4091
1776
1913
1496
410
483
1669
1970
1675
410
502
1876
1971
1351
434
469
1846
2186
1780
311
500
1886
2237
1572
395
479
1908
1625
1211
395
498
1924
2201
1567
418
504
1726
2245
1427
437
501
1476
1975
1644
407
507
1815
1988
1311
429
519
1817
2169
1402
417
523
1340
1964
4090
530
485
1855
4088
1295
447
495
1701
4092
4092
4093
627
1914
1974
4090
663
467
1956
2108
992
476
473
1791
1928
901
496
444
1769
1930
820
511
456
2002
1950
771
479
477
1798
1944
729
618
492
1748
1952
699
461
470
1773
1937
639
430
480
1915
2070
629
456
547
2055
1912
644
458
705
2031
1883
668
425
874
1839
1893
600
4091
1417
1875
3774
665
4088
1523
4092
2067
4092
4090
4091
4093
4092
4092
4089
4094
2168
1930
4092
503
1780
2070
1902
4091
523
1778
2061
1811
422
504
1833
1959
1463
421
501
1954
2193
1077
475
438
2041
2159
827
471
415
2038
2009
728
459
485
1975
2027
662
414
467
2105
1911
633
434
726
2007
1883
626
431
1095
1984
1840
652
451
1403
2021
1957
547
464
1645
2051
1972
562
444
1753
2117
1891
449
4094
4094
2155
1731
4092
563
1866
2148
1270
477
461
1924
1900
958
480
421
1938
1710
728
443
459
1954
1987
678
448
483
1944
1931
647
463
546
2061
2215
1898
457
470
1817
1591
1808
569
470
1855
2005
1404
421
486
1849
2010
1036
473
477
1759
1988
836
492
449
1950
1956
762
467
467
1792
2002
720
453
486
2039
1980
631
432
484
1896
1927
632
450
596
1881
1910
641
447
824
1863
1806
652
461
1071
+++